// Logo de FPGAWars.
00000000000000000000000000000000000000000000000000000000000000000000000000000000
00000000000000000011111100000000000001111110000000000000111111000000000000000000
00000000000000000111111110000000000011111111000000000001111111110000000000000000
00000000000000001111111111000000000111111111100000000011111111110000000000000000
00000000000000001111111111000000000111111111110000000011111111111000000000000000
00000000000000011111111111100000001111111111110000000011111111111000000000000000
00000000000000011111111111100000001111111111110000000011111111111000000000000000
00000000000000011111111111100000001111111111110000000011111111111000000000000000
00000000000000001111111111000000000111111111110000000011111111111000000000000000
00000000000000001111111111000000000111111111100000000011111111110000000000000000
00000000000000000111111110000000000011111111000000000001111111110000000000000000
00000000000000000111111110000000000001111111000000000000111111100000000000000000
00000000000000000111111110000000000001111111000000000000111111100000000000000000
00000000000000000111111110000000000001111111000000000000111111100000000000000000
00000000000000000111111110000000000001111111000000000000111111100000000000000000
00000000000000000111111110000000000001111111000000000000111111100000000000000000
00000000000000000111111110000000000001111111000000000000111111100000000000000000
00000000000000000111111110000000000001111111000000000000111111100000000000000000
00000000000000000111111110000000000001111111000000000000111111100000000000000000
00000000000000000000000000000000000000000000000000000000000000000000000000000000
00000000000000000000000000000000000000000000011110000000000000000000000000000000
00000001111111111111111111111111111100000111111111110000000111111111100000000000
00000001111111111111111111111111111111001111111111111100001111111111100000000000
00000001100000000000001000000000000111111100000000011100001100000001100000000000
00000001100000000000001000000000000001111000000000001110001100000001110000000000
00001111100000000000001000000000000001110000000000000111111100000000111111110000
00111111100000000000001000000000000000110000001000000011111000000000111111111100
00111111100000000000001000000111000000110000011100000011111000000000111111111110
00111111100000011111111000000111000000100000011100000011111000010000111111111110
00111111100000011111111000000111000000100000011100000011111000010000011111111110
00111111100000011111111000000111000000100000011111111111110000010000011111111110
00111111100000000000001000000111000000100000011111111111110000010000011111111110
00111111100000000000001000000000000000100000011111111111110000010000011111111110
00111111100000000000001000000000000000100000011000000011110000011000001111111110
00111111100000000000001000000000000001100000011000000011100000111000001111111110
00111111100000000000001000000000000011100000011000000011100000111000001111111110
00111111100000011111111000000000111111100000011000000011100000111000001111111110
00111111100000011111111000000111111111100000011110000011100000000000000111111110
00111111100000011111111000000111111111100000011110000011000000000000000111111110
00111111100000011111111000000111111111100000011100000011000000000000000111111110
00111111100000011111111000000111111111100000011100000011000000000000000111111110
00111111100000011111111000000111111111110000001000000011000001111100000011111110
00111111100000011111111000000111111111110000000000000010000001111100000011111110
00111111100000011111111000000111111111110000000000000010000001111100000011111110
00111111100000011111111000000111111111111000000001000010000001111100000011111110
00111111111111111111111111111111111111111111111111111111111111111111111111111110
00111111111111111111111111111111111111111111111111111111111111111111111111111110
00111111111111111111111111111111111111111111111111111111111111111111111111111110
00111111111111111111111111111111111111111111111111111111111111111111111111111110
00111111111111111111111111111111111110000001111111111111100111110000011111111110
00111111100000011100000011100000111000000000011110000010000111000000000111111110
00111111100000011100000011000000110000000000001110000010000110000000000011111110
00111111110000011000000011000000110000010000001110000000000100000000000001111110
00111111110000011000000011000001100000011000001110000000000100000111000001111110
00111111110000011000000011000001100000111000000110000000011100000111000001111110
00111111110000011000000011000001111111111000000110000001111100000001111111111110
00111111111000011000100001000001111110000000000110000001111100000000001111111110
00111111111000001000100001000001111000000000000110000001111110000000000011111110
00111111111000000000100001000011100000001000000110000001111111000000000001111110
00111111111000000000100000000011100000011000000110000001111111110000000001111110
00111111111000000000100000000011100000111000000110000001111111111110000001111110
00111111111000000000110000000011100000111000000110000001111100000111000001111110
00111111111100000001110000000011100000011000000110000001111100000111000001111110
00111111111100000001110000000111100000000000000110000001111100000010000011111110
00111111111100000001110000000111100000000000000110000001111100000000000011111110
00111111111100000001110000000111110000000000000110000001111110000000000111111110
00111111111111111111111111111111111000011111111111111111111111100000011111111110
00111111111111111111111111111111111111111111111111111111111111111111111111111110
00111111111111111111111111111111111111111111111111111111111111111111111111111100
00011111111111111111111111111111111111111111111111111111111111111111111111111100
00000111111111111111111111111111111111111111111111111111111111111111111111110000
00000000000000000000000000000000000000000000000000000000000000000000000000000000
00000000000000000000000000000000000000000000000000000000000000000000000000000000
00000000000000000000000000000000000000000000000000000000000000000000000000000000
00000000000000000000000000000000000000000000000000000000000000000000000000000000
00000000000000000000000000000000000000000000000000000000000000000000000000000000
00000000000000000000000000000000000000000000000000000000000000000000000000000000
00000000000000000111111110000000000001111111000000000000111111100000000000000000
00000000000000000111111110000000000001111111000000000000111111100000000000000000
00000000000000000111111110000000000001111111000000000000111111100000000000000000
00000000000000000111111110000000000001111111000000000000111111100000000000000000
00000000000000000111111110000000000001111111000000000000111111100000000000000000
00000000000000000111111110000000000001111111000000000000111111100000000000000000
00000000000000000111111110000000000001111111000000000000111111100000000000000000
00000000000000000111111110000000000001111111000000000000111111100000000000000000
00000000000000000111111110000000000011111111100000000001111111110000000000000000
00000000000000001111111111000000000111111111100000000011111111110000000000000000
00000000000000011111111111000000000111111111110000000011111111111000000000000000
00000000000000011111111111100000001111111111110000000011111111111000000000000000
00000000000000011111111111100000001111111111110000000011111111111000000000000000
00000000000000011111111111100000001111111111110000000011111111111000000000000000
00000000000000001111111111000000000111111111110000000011111111111000000000000000
00000000000000001111111111000000000111111111100000000001111111110000000000000000
00000000000000000111111110000000000011111111000000000001111111100000000000000000
00000000000000000011111100000000000000111110000000000000011111000000000000000000
00000000000000000000000000000000000000000000000000000000000000000000000000000000
